<?xml version="1.0"?>
<opencv_storage>
<calibration_time>"Mon 30 Jan 2023 05:23:38 PM EST"</calibration_time>
<nr_of_frames>25</nr_of_frames>
<image_width>640</image_width>
<image_height>480</image_height>
<board_width>9</board_width>
<board_height>6</board_height>
<square_size>50.</square_size>
<fix_aspect_ratio>1.</fix_aspect_ratio>
<!-- flags: +fix_aspectRatio +fix_principal_point +zero_tangent_dist +fix_k4 +fix_k5 -->
<flags>6158</flags>
<fisheye_model>0</fisheye_model>
<camera_matrix type_id="opencv-matrix">
  <rows>3</rows>
  <cols>3</cols>
  <dt>d</dt>
  <data>
    9.2457442056889818e+02 0. 3.1950000000000000e+02 0.
    9.2457442056889818e+02 2.3950000000000000e+02 0. 0. 1.</data></camera_matrix>
<distortion_coefficients type_id="opencv-matrix">
  <rows>5</rows>
  <cols>1</cols>
  <dt>d</dt>
  <data>
    3.3556393615724672e-01 -2.8834513913860320e+00 0. 0.
    2.1504283594669783e+01</data></distortion_coefficients>
<avg_reprojection_error>6.9915320957815319e-01</avg_reprojection_error>
<per_view_reprojection_errors type_id="opencv-matrix">
  <rows>25</rows>
  <cols>1</cols>
  <dt>f</dt>
  <data>
    7.48122036e-01 6.69823587e-01 6.61360681e-01 7.21919954e-01
    6.50638759e-01 6.66651666e-01 6.52938306e-01 6.62568569e-01
    6.45723462e-01 6.16888463e-01 6.10287309e-01 6.24038100e-01
    6.38708532e-01 5.95707119e-01 7.33841002e-01 7.75902748e-01
    7.80060530e-01 8.46972108e-01 7.85152853e-01 7.68558264e-01
    7.36641109e-01 7.09275961e-01 7.12087452e-01 6.85350358e-01
    7.08622694e-01</data></per_view_reprojection_errors>
<!-- a set of 6-tuples (rotation vector + translation vector) for each view -->
<extrinsic_parameters type_id="opencv-matrix">
  <rows>25</rows>
  <cols>6</cols>
  <dt>d</dt>
  <data>
    2.6572112985562352e-01 -2.6206956180823856e-02
    1.6080994497190897e+00 2.7785100906261084e+02
    -1.8225072916286896e+02 1.1250822632680395e+03
    2.2557393249051724e-01 -7.3748853297226274e-02
    1.6205881354917657e+00 2.7668317000900834e+02
    -1.8459530126971202e+02 1.1348357019945406e+03
    2.4268830567104224e-01 -5.7644133539686046e-02
    1.6161753434574797e+00 2.4865413846934763e+02
    -1.9081354006320464e+02 1.1290837756278825e+03
    2.2219119381996882e-01 -7.2119766472056368e-02
    1.6214121801119683e+00 2.4837500804957514e+02
    -1.8866299556697319e+02 1.1304916839616328e+03
    2.5750322879780746e-01 -6.6100519212885789e-02
    1.6137531140940422e+00 2.4325673981934168e+02
    -1.9049468659877073e+02 1.1259828115354803e+03
    2.5677017564421095e-01 -6.2257537919789802e-02
    1.6173169864663133e+00 2.4796839173909811e+02
    -1.9710343894759251e+02 1.1242587042124283e+03
    2.4113395896223899e-01 -6.9416161482485389e-02
    1.6205127927984067e+00 2.5200023700407144e+02
    -1.9691657317595755e+02 1.1274014338145544e+03
    2.3912263061514608e-01 -7.0186999831989255e-02
    1.6213625546542265e+00 2.4800760004650391e+02
    -1.9890428594715382e+02 1.1270667056926250e+03
    2.3686611032245158e-01 -7.5142873749587849e-02
    1.6221925277088070e+00 2.4667861219131296e+02
    -1.9960447436672447e+02 1.1269857342192058e+03
    2.3708427862606199e-01 -8.5030772032394841e-02
    1.6214174741971858e+00 2.4172225629951316e+02
    -1.9880387122963501e+02 1.1264458243890306e+03
    2.3479774787698571e-01 -8.9684788929184328e-02
    1.6222521770287628e+00 2.3846982191040087e+02
    -1.9979159073934593e+02 1.1266631751135394e+03
    2.4162960507121981e-01 -7.8747412871419314e-02
    1.6210372090470728e+00 2.4087336262039258e+02
    -1.9877874304837312e+02 1.1263702646852082e+03
    2.3190090822688586e-01 -7.9094902573238160e-02
    1.6225020952634197e+00 2.3782537398134784e+02
    -1.9916847132369600e+02 1.1281350977187399e+03
    2.3359288377487122e-01 -9.2949491082992275e-02
    1.6159804619003928e+00 2.3252818212212054e+02
    -2.0269558156481801e+02 1.1282879842230857e+03
    2.4353930184014921e-01 -8.4797575567524791e-02
    1.6055455048106300e+00 2.2131366571961038e+02
    -2.1103869021083457e+02 1.1246457228767920e+03
    2.5580973720113914e-01 -6.8825111163872216e-02
    1.5886805594497859e+00 2.2628134421402041e+02
    -2.0854882506576828e+02 1.1194175704387583e+03
    1.9600368231120069e-01 -1.6620479178459155e-01
    1.6029003299791216e+00 2.1086695598435085e+02
    -2.1989608422407272e+02 1.1310193429176404e+03
    1.8794185591207546e-01 -2.1742307041075934e-01
    1.6342487825612573e+00 1.8475957006588754e+02
    -2.3937607610439449e+02 1.1354030454149117e+03
    1.6344772530638829e-01 -2.1509720528326159e-01
    1.6534009417278570e+00 1.7987178697467490e+02
    -2.4586840189637377e+02 1.1441520844637241e+03
    1.5498819636758288e-01 -2.0559210567727923e-01
    1.6443990018560759e+00 2.0557322845252202e+02
    -2.4312849722434231e+02 1.1467378392469273e+03
    1.6653657442437780e-01 -2.1131128436169413e-01
    1.6424876411412586e+00 2.0465561111241317e+02
    -2.5207138114688939e+02 1.1425319375332399e+03
    1.6088962138184867e-01 -2.1737795207001040e-01
    1.6454980288146381e+00 2.0509247976892686e+02
    -2.5399655971353735e+02 1.1430010216213366e+03
    1.5422310093940692e-01 -2.2423074691840650e-01
    1.6436549134008991e+00 1.9314176784118442e+02
    -2.5795466136736133e+02 1.1406957258550303e+03
    1.5181227660279872e-01 -2.2975946789904969e-01
    1.6455643205935750e+00 1.9013267158421857e+02
    -2.5800780899274633e+02 1.1401217157824401e+03
    1.4878651028289530e-01 -2.2709716230530028e-01
    1.6423168382365745e+00 1.9146442258460698e+02
    -2.5148157774143871e+02 1.1448057550201086e+03</data></extrinsic_parameters>
